saved rows:
|   1   0   1   0   1   0   0   0   1   0   0   1   0  44 |
|   0   1   1   1   1   1   0   0   0   0   1   1   0  44 |
|   0   0   1   1   0   0   0   0   0   1   1   0   0  25 |
|   0   0   0   1  -1  -1   0   1  -1   3   1  -1   0   9 |
|   0   0   0   0   1   0   1   1   0   0   1   0   0  20 |
|   0   0   0   0   0   1   1   0  -1   1   1  -1   0  22 |
|   0   0   0   0   0   0   1   1  -1   2   1  -2   1  38 | -m
|   0   0   0   0   0   0   0   1   1   0   1   2  -1   8 | +m
|   0   0   0   0   0   0   0   0   1  -2   0   0   0 -16 |
|   0   0   0   0   0   0   0   0   0   1   0  -1   1  32 | -m
|   0   0   0   0   0   0   0   0   0   0   1   0   0   k  
|   0   0   0   0   0   0   0   0   0   0   0   1   0   l  
|   0   0   0   0   0   0   0   0   0   0   0   0   1   m  


normalized matrix:
    a   b   c   d   e   f   g   h   i   j   k   l   m
|   1   0   0   0   0   0   0   0   0   0   0   0   0  -36   4m -4l
|   0   1   0   0   0   0   0   0   0   0   0   0   0  205 -13m 13l  1k
|   0   0   1   0   0   0   0   0   0   0   0   0   0   82  -6m  6l  0k
|   0   0   0   1   0   0   0   0   0   0   0   0   0 -121   8m -8l -1k
|   0   0   0   0   1   0   0   0   0   0   0   0   0  -50   4m -5l  0k
|   0   0   0   0   0   1   0   0   0   0   0   0   0  -72   7m -7l -1k
|   0   0   0   0   0   0   1   0   0   0   0   0   0  110  -8m  9l  0k
|   0   0   0   0   0   0   0   1   0   0   0   0   0  -40   4m -4l -1k
|   0   0   0   0   0   0   0   0   1   0   0   0   0   48  -2m  2l
|   0   0   0   0   0   0   0   0   0   1   0   0   0   32  -1m  1l
|   0   0   0   0   0   0   0   0   0   0   1   0   0                1k  
|   0   0   0   0   0   0   0   0   0   0   0   1   0            1l  
|   0   0   0   0   0   0   0   0   0   0   0   0   1        1m

gesamt: 158 - 2m + 4l - k

constraints:

m: [9,]
l: []
k: []

m >= 9 + l
l <= m - 9

205 - 13m + 13l + k >= 0
